6749
5621
6314
4433
1073
6556
437
9125
7765
4118
5399
7682
3797
7874
4168
7078
550
5302
9436
3997
9287
3506
7468
9722
2079
7749
8773
1637
6634
1995
4547
7085
772
889
8568
8175
3204
569
3409
8782
3151
226
5122
2644
2512
1448
6189
2790
4295
4157
2065
141
7365
7800
3227
9596
2756
432
9034
6197
2873
2795
1525
2025
5114
7022
9596
8643
7600
9362
284
1056
9707
6714
251
871
3350
4653
1165
2886
9844
3326
4175
6595
8964
1393
8098
8881
8622
9609
3672
9316
73
6088
95
5248
1096
2868
578
5599
1297
8698
4405
7407
8503
9619
8526
7697
9811
604
1897
2708
6885
1828
4568
614
1790
8775
5772
1088
8299
471
9580
7358
730
3766
4617
682
5987
9158
2486
4383
9094
9005
9346
1005
9458
1876
2108
3988
4475
5421
1363
2140
9874
7818
9036
9361
5494
7770
277
6088
7443
9020
6922
4852
6297
5673
8183
5240
7947
4762
1961
7423
4550
7400
4141
340
8334
1225
5022
9933
7341
7120
2940
1739
4109
8711
3472
2940
295
8600
6522
7332
9218
6189
1286
1216
9901
9182
5498
2330
7779
425
5451
1499
272
439
9811
3542
5000
8071
4751
3238
5893
8003
1688
7739
8546
8884
1798
6350
2508
849
6696
2659
3940
3243
2508
8642
2334
9284
1784
2674
8998
3061
6739
119
4590
6581
7688
8145
7460
607
6763
5012
8116
2808
9644
7369
8692
2961
1190
5553
244
4612
5866
1648
8852
6622
5590
534
7032
3875
425
9300
9289
9256
4445
8806
5170
5999
4912
9594
4880
5521
6653
3438
210
5747
8757
1869
9164
2674
8386
477
4646
4565
8277
5857
8879
9209
9802
4844
9513
3184
2591
193
3366
9983
3990
5813
1769
388
9128
109
123
5122
5230
4746
3031
4891
5028
3653
9286
8958
8572
1167
2
144
1218
1225
6826
2643
9879
8996
3569
1118
450
6015
8949
6075
1408
1886
564
7138
2919
6733
6326
78
7554
1543
8551
4328
1791
8211
4507
8125
7553
6080
2693
3511
5346
9439
6636
4991
7082
6110
9967
5695
7243
8233
7607
8200
6024
6154
1749
5388
2663
1606
8446
7913
8890
907
649
9226
9
6944
4073
8087
9657
9127
6995
4063
236
586
3832
6808
4965
9760
1190
343
9799
6496
3500
667
8704
66
4025
2677
6092
4726
2459
118
6975
3209
7177
3494
914
6486
7897
6444
6008
1360
4721
2561
186
9908
4331
3921
2184
6402
5836
4139
2075
3727
1311
8332
2519
5113
1792
8184
6444
6821
1470
5225
3394
2949
793
5429
5266
3011
8314
8102
3313
2687
7172
9837
3823
8708
6983
9030
3020
1237
9937
5400
5222
1558
3089
8120
8929
3811
31
8217
4252
9373
3409
6049
6673
5813
4016
1496
6643
2057
4689
9
7661
3866
3332
9630
9403
4029
2409
1
4579
8091
3397
2413
6272
1299
9240
8706
6992
6365
5458
1918
8301
8273
4862
890
1769
5739
7309
1898
8794
4379
209
9706
1525
3248
3034
5263
683
5695
3840
4654
6634
6865
5503
4558
4468
3491
5092
1713
295
250
6224
6601
2273
6212
9610
4628
8037
6481
4603
7901
711
4314
7410
8720
4049
3609
7949
3654
7874
6055
605
273
6101
1324
3093
9932
1017
5221
4611
4499
4218
2121
8138
458
116
4546
6786
9262
3913
8400
407
2279
9722
6051
1296
9622
875
6712
2189
2276
713
9350
2160
4085
4794
100
7568
6024
1669
133
8854
8646
7745
2059
8416
7283
2246
2775
4180
6347
1519
4459
2472
5591
5862
1662
3049
8152
3343
734
463
7940
1910
5288
5345
6788
7796
591
8975
7855
1489
8005
5843
1989
8918
6767
3182
7634
5280
8003
616
1433
1878
7107
773
9173
3700
6138
2690
2417
8359
7290
4686
9017
2589
5736
2391
5102
5138
5203
4168
5168
6889
2226
8798
3006
864
1681
950
5662
2138
5679
6617
7567
2526
1572
2101
6133
1038
4866
6094
8982
7314
5736
8238
4837
8028
2858
5143
172
7540
3132
2565
4341
433
4479
6056
2553
7732
4523
7044
2885
2665
1084
9024
1059
5516
2165
6659
283
6018
8198
2510
5473
622
3625
6047
9276
8912
3928
5989
1839
5157
2665
3250
6468
2761
5717
6698
7863
5486
127
8520
4878
4245
1242
7177
6793
6520
9686
9128
7678
4115
4265
7237
9872
7653
6655
958
2174
1959
2793
7281
9881
7450
1541
7730
7804
4761
7903
4000
5131
138
4940
3920
1506
98
238
6890
482
4712
5560
3860
7057
7998
6684
6841
4926
3149
5473
9097
379
7841
1390
8241
9740
267
7562
831
6095
5839
3448
7632
1623
3831
1518
1509
4585
9893
7132
9960
8135
757
1244
3583
6079
729
5797
8406
3493
3111
1793
1078
3064
3550
383
7230
9762
2547
2578
625
6605
5315
9691
3844
9292
3646
3886
35
659
6178
1304
4433
8704
9564
9861
3444
2813
7488
9524
8887
4156
4282
666
1547
6391
1309
4646
3140
1814
7404
3457
1643
189
5017
2236
416
6730
2079
2261
3924
2308
4260
6127
3275
9063
6042
6393
8731
1970
2635
3755
8928
4753
799
7410
3033
206
5044
7147
1205
8726
4841
9365
2161
2521
2310
4420
4594
787
7686
516
576
9694
5967
5023
8766
4193
4459
6792
9429
5247
8585
6310
32
337
578
4270
682
8940
9006
6660
357
872
9071
4859
7534
8227
629
901
6477
1574
9949
6979
1196
7449
4345
5784
4363
6692
6989
4792
4471
2791
8565
6694
1078
5711
9217
7213
6361
1508
7158
6545
5863
5957
3235
7555
1123
7072
2300
2496
3420
6034
6174
8518
6263
439
5162
249
3019
5069
4093
6715
747
3047
19
7021
2056
8785
898
1752
9535
4549
8498
9455
6977
3760
1308
2547
9887
5952
4915
2152
9027
7177
7875
7128
1683
6134
5198
2818
1014
8456
3431
9419
7279
3050
4469
1319
9665
8560
6134
5193
1836
6119
1231
2104
532
3269
5146
3531
5641
2083
2062
6833
4159
1511
8901
815
5769
7392
5169
4265
