75543
99308
52583
99589
99828
19264
51331
10962
64699
60368
93817
36811
18899
57159
96771
55421
87651
80566
33866
21879
60532
38105
93046
27074
93311
2102
99018
93816
52881
34082
4821
14837
79236
75492
7097
44959
32313
69044
61808
22025
13614
67925
59530
22810
78110
53458
61935
24247
89522
97165
5740
28729
29764
10283
91699
31887
96270
81180
79289
66921
13170
31146
1058
89651
24607
33723
97031
83174
48541
19180
31466
82641
32364
21944
17977
7952
29785
94437
62477
1585
15762
93638
65490
13698
68546
31643
21785
63496
98619
89423
21938
70128
75197
80128
18176
65674
86630
41677
84578
71966
86430
50655
26663
1839
88172
42287
94250
5725
37110
78024
31922
27326
1561
58372
90036
76953
49006
55858
20420
32501
15387
4720
81528
44472
63244
40962
98709
12991
29208
49661
46748
27235
425
6592
13887
2997
17525
70592
23737
11068
2223
60103
14367
27432
59037
14467
25759
52758
1523
84149
86469
81315
52198
99216
28493
31405
22525
99782
67942
29008
57987
41257
54865
84970
53785
374
61474
52805
35200
16310
73113
42562
33041
38939
57770
18536
69897
20788
54136
98087
64480
85958
42722
49827
35154
6699
90130
62439
76709
83143
39200
37209
70248
223
30366
21671
72091
3136
56474
27828
6221
76765
61337
89336
40332
92534
67393
42396
86427
63799
1535
73391
4434
1247
2833
62258
47288
18371
25290
81557
93199
14312
57207
29231
23454
22452
77434
52932
51024
1284
99602
61546
46537
47681
49387
40495
64205
875
33395
47470
67793
24135
83918
83602
55466
91725
68674
86501
11809
2551
93483
24943
41604
18646
90890
88887
82612
14106
25588
13928
71178
63753
23015
48545
56102
18442
54569
34696
96358
69092
91075
3686
54555
38998
42791
69995
88984
52546
82680
11804
14428
58264
94384
36463
84091
1785
79699
92236
87201
27954
78385
72248
65966
72315
55234
44714
79141
3036
82642
35239
81940
54349
39502
82910
28187
96800
23999
41476
87477
21892
13113
54922
92025
63514
52011
94804
3922
85872
55302
86220
73620
56477
81974
75800
82216
5150
73518
38889
13027
33832
49869
49866
72990
29074
48757
43830
43803
70668
94190
35577
73831
95490
18826
85581
29053
91266
48940
29357
76938
92788
10921
51918
78795
46475
15196
48915
84311
14378
11572
1003
17350
61971
54746
92353
89892
84437
16590
13738
6922
1563
70182
49130
95346
28616
1223
30913
86904
54940
56161
76966
84772
49564
56959
46654
86017
40714
1260
17973
39890
80230
91738
95537
24660
5117
632
34386
70639
90012
57661
16032
13604
9129
25485
8877
74201
28848
4337
45545
24608
52039
71531
55088
61523
26247
47630
18025
47384
22951
76240
51017
18011
69537
22187
2655
6288
59052
68431
56173
25607
99192
34738
82262
47627
95816
99512
49904
88240
58755
42936
23939
77939
46308
50253
29358
83291
68057
93507
86601
90619
44359
39082
53434
90394
65311
74395
30483
51198
83109
71574
4543
69500
94881
26337
82021
13153
62722
56460
89023
64209
49575
10029
25710
39011
43055
76125
66973
58155
31584
36077
98830
86984
10831
12954
19888
55523
35521
37718
81378
16683
93876
42559
42957
60122
77924
24597
63873
96019
99830
29334
11501
38481
76263
31677
88055
69530
97622
81259
13291
54112
60398
8218
40575
30787
65011
41212
74577
62503
33769
16020
75522
40662
12898
83306
59576
42925
87946
49927
45278
71486
55905
61541
60025
71436
60797
42900
82761
24414
95333
66350
94306
34679
82242
29565
72277
70001
5915
15146
5873
86264
4634
83058
18339
44140
41778
71307
46153
27081
98369
78348
40445
39917
41883
52265
6619
61294
49696
51095
42130
56643
50410
58816
98165
66125
48155
92258
39253
40751
52011
30088
84783
51837
67649
61281
90432
6774
54739
31028
77860
97138
19564
60119
27891
7038
5601
67419
5575
74577
20391
3044
28019
60728
24883
80829
53683
95121
34797
79815
31135
4726
83002
11220
55543
93562
31691
63935
43511
90406
19031
74070
26635
15051
59750
82612
44377
40351
94204
20653
68593
91365
88714
33809
24134
82164
23906
15297
52321
12786
67061
12738
8767
18238
88054
94109
34469
89384
54943
4282
65451
76771
33894
37560
84955
50766
2633
76363
99973
64922
72485
26734
14596
2647
5779
62460
34567
24910
92741
96907
17514
72660
46582
79382
67392
92156
44490
85195
46440
54788
20426
43819
54384
85468
82866
43119
51288
52183
60468
57859
40350
22875
14452
25580
62360
71876
77678
2171
34158
94347
11527
25759
94409
46233
86621
96563
3603
8127
3850
25549
61623
28387
62722
83182
25890
98699
65486
64033
84429
88508
26326
72431
38942
43614
33330
39511
41279
37691
16049
39995
76524
63541
58752
12694
90678
76195
51785
45109
38673
10794
14475
73445
90713
96236
38519
31553
80657
61527
8947
14291
97362
23222
12085
22867
90188
11958
32533
11611
32570
35726
12502
78828
56757
5661
57309
59325
21448
87284
77216
75508
95531
2267
38065
55376
4935
33221
22051
21572
90024
40915
52232
74678
67265
96467
10168
7016
43045
78549
55291
24856
39164
92081
30674
46980
40856
82933
18395
48662
71962
98422
87824
33758
64011
51311
41525
79836
16034
7759
15799
66248
93077
69445
6492
1352
40476
27948
64635
34437
47766
50410
15712
47072
13777
36601
83567
17605
15496
98516
67459
52303
73843
34689
29497
67432
35362
81703
71695
12971
73829
20402
46334
69457
54035
95044
5384
20494
50719
22479
36942
27737
55356
51006
34726
23514
93158
66369
50269
35796
28775
44940
62488
16510
68856
67426
96943
63828
64591
61268
88374
66637
42226
65468
75972
71763
21430
39728
82146
82540
4672
82258
96555
68430
95151
5162
55444
42121
28862
5730
22651
98660
34310
87069
17060
41002
91993
91331
76128
88002
60176
48343
41880
42933
18469
12662
27254
49950
18695
13637
97411
63464
7053
49319
21597
82474
44567
29001
33929
81357
51095
83540
91054
30020
1338
34815
69710
75439
9746
72197
53412
61544
74174
5442
84882
29104
15328
25096
36141
94530
92039
35784
35484
4806
14326
68073
16327
38366
10876
56426
62779
87516
34065
88327
41695
98678
95090
20602
36835
33769
43693
93832
89435
65506
91436
87272
75773
45122
63797
71959
50426
13789
52639
25026
21026
63908
88705
20127
12864
66138
73608
40800
30501
80166
31993
8347
51617
11086
43958
30043
35031
9668
13958
44297
8352
35318
18921
80562
16324
16825
2888
2807
22583
54270
80092
63956
58514
86185
46945
27431
54921
27169
73806
96910
74056
93218
15755
35384
34667
23596
83030
51188
28067
46836
10974
7847
17759
56725
33334
93909
63242
45079
18170
29829
86000
81606
8708
32778
61186
95006
75756
10558
45527
56230
44839
67290
57801
59645
9222
86080
1966
17795
93383
81924
14192
33042
28672
34321
4465
63242
41277
58952
85551
67642
41926
61862
11869
22100
67512
48519
20001
70259
83780
70027
66457
9069
78609
46157
96039
80749
26143
71159
66100
6100
79026
52064
48329
97458
3454
69537
58595
36336
62511
54328
60470
46538
79426
88002
3108
62399
73790
90544
88063
57673
63804
65302
40015
31612
78942
23554
87964
24013
92877
23482
14960
55514
86517
12196
15966
63814
39502
22026
48851
68816
51006
72672
37926
76110
71093
7948
58532
63532
20863
45093
78923
38368
48059
77816
44267
91266
43932
55090
89373
95911
80574
18844
17532
27727
42823
61203
70994
92923
87137
41782
50470
90588
73664
6924
17388
29737
30277
28861
57701
10776
33833
57150
33205
78374
88841
44764
75056
11001
49858
29969
84124
39725
4778
94215
7742
6072
89097
86575
80861
71958
20382
71993
44113
6074
50381
22103
82289
98894
34579
54710
99894
20202
70270
39924
89164
29355
75340
15989
79103
76632
47304
68285
59123
7056
52530
21521
1332
68305
99848
68971
48813
12673
64215
25463
53579
16817
26207
85910
7817
79303
27923
21900
65014
1472
81255
55960
73928
18553
7931
23875
11453
67832
38278
1283
64973
29444
69895
4457
63528
99815
1692
27537
71683
27613
61342
20358
40188
71345
45519
4537
28487
27661
18767
14921
38470
39361
39411
41650
48423
9620
25522
71909
84435
45277
12147
34878
54264
26016
29232
43140
30703
38773
93985
89545
29801
50503
53384
96121
13388
26035
81874
75229
70012
43693
68067
21143
51823
48992
10208
7258
57194
63553
40217
22678
17105
38903
60688
27237
77159
31055
85828
19607
69528
40288
77431
63039
3095
3938
48807
85359
28570
60533
1578
8246
16415
50023
61877
33452
31402
13758
14204
66438
8988
96997
50397
54756
97453
76084
83962
76556
20415
44969
89651
77486
22490
71259
60733
85279
19789
58383
58334
67882
87416
36126
97630
75903
90524
74625
2026
99509
47214
76663
67694
43547
78184
93883
40403
89855
84905
79624
23459
70193
13918
64427
78308
67168
26680
87844
20331
30034
95271
30664
81195
47738
28047
70296
43000
43663
8542
95450
26515
53963
95660
35540
25391
30720
66923
75939
77891
17780
99865
44525
2039
47817
42960
4180
25260
97471
88311
73789
52125
66467
29614
80615
40069
59909
60109
45234
21910
14760
74496
45122
57700
81834
59572
67697
55124
49942
9376
81729
81249
59785
43778
12392
34576
78533
22976
18954
11459
56235
86535
7667
49940
51877
88439
1941
89141
22929
75980
79926
83490
65139
74427
41042
12931
83989
86040
23967
64874
80443
18543
85577
63719
27870
49694
13229
24514
87655
49957
57446
82494
11309
11772
63617
28386
31058
23326
41218
8888
55813
7165
90339
57944
64525
13790
96812
75024
54416
63555
79190
74541
51351
8511
31835
86642
41954
50375
15649
77667
28797
75034
68404
62589
14938
82258
14252
31569
40328
13932
96605
98714
64364
2556
71568
27812
72690
31862
69238
48043
85739
71763
38603
64668
28092
29203
41312
92513
77867
35409
95589
904
4764
31521
72969
53085
43934
89769
86666
53641
95384
93806
81878
17080
57522
81560
14110
92205
69157
64432
85977
2591
13321
84252
65122
17862
14935
24321
75129
26790
59107
91263
91207
71096
34832
19907
9809
40812
6264
69606
7934
10139
19624
62198
58384
68071
36249
97726
45941
47850
45867
29928
69945
61360
2290
2699
57981
25571
36067
40747
81463
3445
45403
88369
14638
70069
40765
32358
53992
7847
96823
37359
64215
72232
79559
34473
67834
70488
76235
91447
58957
94305
34615
94800
97001
98282
74635
67827
8252
18679
72205
95631
15310
46478
16907
98829
81997
84905
47423
19526
57859
6579
98940
83706
79532
5968
14134
74817
34702
19522
92556
29439
80720
15860
95262
41178
17275
61038
44858
77861
51206
42234
84357
18168
45207
76787
93848
50060
79322
15284
66895
18555
82059
10376
72609
43506
56768
52978
98880
857
44934
98346
50128
96559
1225
95540
44182
55599
49691
22984
76032
47314
86046
28082
65774
62710
37302
89407
31331
73239
42862
75183
8801
6872
14537
45144
53358
65372
27716
9552
90887
68702
40684
28030
5591
82724
97516
9910
73581
54356
74819
20008
21084
71017
658
68076
58638
66377
80785
76531
64912
32300
9811
38866
53918
48823
97454
39755
57308
54163
55742
68398
79163
7744
11719
31218
16804
13994
77202
79967
13269
99477
42020
28654
34636
76386
31891
70604
95014
29681
91765
78439
84818
64785
37646
85457
43202
36818
35867
47896
88375
51798
89656
37301
21304
97191
5198
95582
4788
48183
9902
36861
35343
10970
18358
34201
40252
56669
24599
74770
42030
51440
59678
1737
18376
37530
91996
77137
42846
51002
93222
7609
58185
80582
50375
9164
57338
15036
52127
66894
36502
95816
81466
10808
55827
12956
46318
45068
98767
56833
51295
10043
7418
78571
21475
21449
25987
98343
14684
83830
32992
28031
52936
28030
73992
9364
97498
75911
81850
21610
19898
49801
5900
48631
64844
66473
73678
64506
10559
15677
43048
80693
8407
23432
79052
57770
71307
1174
54267
25034
59409
87006
76960
13404
28869
13892
20819
91634
52904
55128
67807
65118
84749
18005
83779
76446
34143
4345
13947
2101
91986
96246
30300
16307
30896
54069
47955
75616
96045
26992
73242
72879
80666
18924
2823
86126
24282
57107
34929
1114
75730
43049
24327
68729
25088
73369
79239
17423
50363
32227
30940
73987
32169
44494
52048
81157
69771
83890
9317
29156
87767
52452
92734
44078
11899
25908
89213
20581
95052
88080
74054
47827
30521
88078
1870
17081
85433
22287
98963
77078
23346
75881
82125
34330
76177
81481
96768
42261
92371
14457
30718
20714
86040
61871
43947
31389
65753
19418
43984
49482
31722
20536
34931
5961
80526
61643
1980
58155
84120
18375
63199
55075
11806
2027
24332
72694
92204
44829
934
90539
18886
88542
93827
59299
69226
95671
66008
66435
73239
33185
61059
97792
2765
38892
1714
6922
18749
2871
19764
94578
67253
5749
43875
34952
74745
94817
6684
14391
58937
98247
56286
59812
48844
36343
82702
33232
94379
59720
24888
61164
17000
48897
89915
62024
81265
8126
26445
67893
22881
78298
28102
90470
24819
31263
24307
24374
63456
89575
15798
99519
69103
92561
26498
44343
54020
45639
32261
26494
9922
97662
43545
44727
22445
32057
19279
44101
63203
44659
63130
84706
34644
69959
38392
73052
14113
76609
42513
55873
87840
72364
55879
26145
25041
26897
6751
2921
95334
5477
77319
92331
42074
30155
64557
8554
40978
57267
80864
92862
99405
89031
92414
81822
41899
45778
91891
80398
28804
32653
29933
62965
43141
6224
43965
67055
67382
43340
95718
50840
95688
69800
72440
67544
62357
51845
55198
90685
87614
22878
92255
98642
4613
34865
48231
16820
79034
93202
69334
34295
75171
50072
81918
55213
29641
58786
30349
6308
71279
41875
67031
65285
55753
89047
31702
66143
50585
49490
34640
71211
50218
82262
2033
90451
74185
3268
72450
17627
55193
74994
91264
93733
69246
61708
25426
19558
65706
78895
29702
8582
25496
80124
11881
51053
69929
53480
63058
11881
62315
97522
29798
43700
68673
88373
26241
89260
16214
91586
38270
14191
77966
14246
71386
56588
57640
45105
61899
43078
42316
51062
74537
47356
60743
99845
78596
89411
99825
60692
93914
88164
11675
68132
24993
36296
62789
42312
89046
35141
75161
98075
40926
52550
36813
23764
75039
76880
44539
73933
19647
47557
42637
61046
23722
56673
93378
88235
25802
14796
34039
44995
45573
11398
99265
68559
67440
37104
27398
45608
82089
83714
3744
18162
33247
40980
4457
54512
83297
13985
34050
84825
19007
20884
17355
16588
35361
89665
20109
61687
58487
89171
43631
4637
74764
31146
21052
43077
74154
37765
65254
11007
97936
71287
47572
58833
84921
56469
60817
4653
41073
7595
30748
22727
33550
79538
38493
51807
15907
58611
77696
57489
74890
46688
79104
67542
15650
52644
50292
51730
21477
32056
35109
46063
43383
63161
65493
70261
40891
35933
95271
75660
5993
16059
3236
67884
50402
233
31244
35893
11048
69454
73970
73717
32878
59284
45240
27597
90850
7219
73468
71278
28293
14550
3364
22163
11216
61185
34202
78104
32393
99424
71903
11350
14313
70770
82426
30041
4068
68326
12047
50085
75143
46161
51318
25261
51752
90256
4398
13199
86986
52090
36357
8053
80670
45329
26776
57318
6918
47404
95472
80873
19384
41862
21385
80737
49146
26714
9232
6931
88818
39845
88607
27126
5056
53596
36258
80904
54167
1587
99581
73263
97944
23015
28323
61089
83365
27487
82362
61484
96431
49977
2776
6898
88727
45308
31998
97238
25276
53666
22435
64448
9417
10281
66087
29475
25059
94919
69492
74323
9544
94142
50470
47174
57193
90058
68066
84195
26754
41513
61954
21549
70405
68088
46733
20607
39278
9270
1724
30382
66252
41841
21317
37373
62203
67695
92579
77064
91353
33519
91525
25587
98160
9105
42260
13259
61039
24226
37270
88472
30289
11893
74366
85572
68841
10666
40336
29127
74396
61227
29474
47727
80256
44891
78084
95459
73091
4526
36981
98265
58352
72977
78135
54379
21288
56850
20165
97705
16273
13165
19508
8100
43660
73545
35473
27379
65952
92996
33480
76723
56215
38584
83752
8583
81207
24745
20469
9306
45309
49867
58868
20798
53991
54270
32086
45545
74105
87367
16673
96141
56511
79210
72317
68344
73768
56369
36674
97336
12424
64556
90256
22510
2654
18070
9664
10659
67713
70068
46186
48747
80719
68791
13763
38204
47383
89059
37451
31866
38688
91780
84526
58044
81806
20725
75198
86189
63155
18658
9011
93176
41137
42136
59101
33840
11449
22405
25697
4845
83039
26789
20945
98293
16538
47172
17055
12771
24425
40913
95406
58870
83245
18163
46276
71153
35249
74528
70216
95476
90574
60673
62326
20314
66259
96766
67285
9777
58637
94879
16477
75009
56761
41561
56547
38300
48359
79576
46813
82933
65792
16913
44329
37820
50678
46204
53565
86323
73374
51343
27639
84187
29618
52500
78989
36082
32329
7730
97248
15426
39057
34760
64643
6197
87773
81738
66654
70274
91935
65327
809
1057
93295
62526
80537
37567
76578
14018
93859
40540
14498
43615
82287
74499
19170
28126
96543
26616
24346
80658
19040
42215
66445
89369
88061
36752
24529
35973
3067
58784
37265
65308
94098
90445
32897
32478
93751
84007
75573
17645
88102
37820
42406
3009
38482
37400
17607
19407
32360
37290
21482
17926
3686
33952
999
10391
30392
2628
9498
82371
78156
34691
65710
54998
75176
48296
75932
84865
25578
14499
29240
3557
41443
19816
49391
71293
12605
20248
57442
2633
77314
34135
62017
19460
31246
30336
51896
71163
49928
95129
44050
50011
39876
43450
6124
34551
33769
87004
42350
55405
45793
40084
71810
35374
69224
35115
96280
40891
97740
25039
79098
75743
10418
55384
66397
21311
36110
6944
82524
61266
65023
39829
52374
45937
10817
61218
27621
72605
27481
84881
71083
45206
4619
71030
46775
93374
39216
30117
2226
45677
33723
50187
45450
84273
13943
17317
81729
264
70661
94467
23643
88433
17291
35992
22830
4390
37423
20672
89673
97053
73495
50522
4503
93838
12594
46150
99570
96051
35383
42688
17200
20856
74705
71543
71743
15149
59857
31550
55356
35235
90052
43922
15813
51109
7477
27791
22624
18243
75080
58320
2787
83865
77245
95057
40356
61090
36305
82237
53811
84140
26229
93772
44516
12336
98253
67468
98676
87441
38724
29366
91195
22310
26125
22642
87908
48600
68441
71829
61819
91264
88655
50241
28599
27655
83657
64256
55001
86862
30345
65611
49519
97493
91450
25211
10551
81130
11640
20332
70728
37751
13720
46444
54410
25526
41766
69625
74596
47556
22636
46115
80889
76192
23127
63760
17263
79580
74592
40449
32906
41841
47146
13093
19921
91465
56838
96209
40484
52754
85085
97563
87261
97101
32406
78119
70012
40232
90327
5440
35032
21517
79001
54794
80425
34211
59301
26343
60060
58122
9992
49187
9602
25622
86367
32123
60738
56891
94613
6655
16341
24838
2670
29405
31956
16791
72818
95632
34986
68698
88192
93708
86920
24302
28206
95402
40197
20381
39098
5302
11102
7220
50828
65143
41311
51519
38222
72261
26005
73291
22687
16059
45920
83080
8005
68133
72942
62702
43733
76350
39794
11835
54422
57864
83376
35651
29093
2457
57620
32657
72764
6996
25298
96463
54698
6589
10533
85939
61261
11490
47008
41197
63522
37651
12079
16244
58469
18449
13091
46841
51115
85400
54308
88656
10153
81930
80344
97642
45306
25214
29359
77170
1692
66313
77999
51756
68537
96485
37790
85197
28450
39302
32242
73561
74876
81943
10436
39652
59113
22466
91027
22762
78126
96074
96600
91528
79184
58210
72151
45723
57358
33736
95763
55585
21106
33023
53020
39730
42114
65677
26268
41846
5200
23222
59278
77387
54114
52749
1234
92728
27615
22402
81598
85994
4265
42903
21930
65692
21303
16374
78639
34694
75726
44829
14503
91648
58445
13014
19586
73194
65461
97584
40832
90899
24230
72867
98428
29472
72957
12924
50280
97528
18632
92089
77757
49513
22982
48539
39716
90549
6462
85175
81907
11470
92340
81893
11465
69715
68245
20616
16072
60490
4418
16598
89206
97338
36003
13794
22190
8312
716
43639
94300
28882
89436
4895
48566
37190
27927
23737
14810
74727
96129
83672
96094
61919
67236
46983
64998
14402
60930
77033
74158
99862
93644
49892
79401
17251
23442
84953
92612
99523
36611
74590
98575
73233
56314
93033
68348
32092
92204
3846
1150
81698
69437
15116
20702
63351
84527
67021
73526
95829
55356
84621
7452
42909
83421
15626
37002
58750
6176
52876
97862
40720
91613
36289
83752
99129
95896
11326
2789
57894
91503
14324
74653
74480
7614
84689
67776
81491
27587
26817
38863
67546
57194
91240
76768
33892
26018
34598
19822
45453
18774
12176
83244
51057
92324
80339
64286
91501
65049
58346
660
19001
65065
23279
37236
55328
51815
65348
6351
15024
81301
77563
64177
93748
95849
49381
38345
26236
71744
60389
65715
98212
36432
86710
85324
35156
1856
6314
82068
6572
28033
38814
51262
1924
35095
85962
79853
33604
79131
59780
6439
96610
60035
87549
10204
96623
96481
1053
12888
40575
608
88721
81288
54278
37720
6410
52740
56625
4291
18945
55497
23062
54498
86466
77551
48797
96997
19489
78658
23687
74111
60452
57111
75941
6782
75313
76010
44800
13460
54368
12391
78765
87592
21137
49761
181
3721
61912
66801
54588
83299
12656
91722
27437
96271
93575
2679
34776
37303
445
75788
27448
15284
57961
5877
37630
16233
55507
14379
61707
68977
45233
41988
53558
21365
27313
33964
73301
32747
32319
25381
96136
88288
20642
36444
56370
15575
49262
70475
22229
16332
70755
71102
90261
63386
46223
73859
74930
27899
46137
57554
61036
27982
64115
90477
54133
4204
36086
83389
19668
96751
16240
73824
77951
46404
20195
95192
49719
24975
18922
12892
21264
13328
63397
36157
28980
94122
51967
62441
48055
60228
91029
10346
13181
37261
86318
60017
65355
79506
29363
84621
33238
47069
55288
15703
58230
20702
67224
30507
22774
90450
13469
87494
22191
89169
35847
85326
52623
56635
77951
86645
73223
21945
5260
85015
11480
43057
14175
70226
4558
16690
83317
56237
94854
60506
29659
3305
69818
70836
24391
96312
69185
97483
53212
6639
87773
94016
19090
3073
72594
65638
68181
23561
17004
41278
36669
17124
6047
34605
13069
44557
63271
8267
27381
29830
76404
32399
90736
15189
42386
28113
39146
36907
27636
24732
98504
61528
86074
55413
31384
83946
9679
50995
53991
31140
2064
84330
4012
58999
86220
71637
63123
62343
79537
27432
48335
7607
65095
17738
62772
38251
39772
48674
21526
90835
62015
7771
55191
16305
22898
3440
28040
22573
42751
1441
94166
90317
89725
96025
80077
15520
93894
15571
64378
28555
67337
40935
16674
8279
40758
47142
82017
37062
70318
31915
21211
85635
94146
65155
73758
4555
87457
68197
71430
80679
81347
27229
25278
31632
10968
94551
46437
74773
52687
46915
20494
28879
21962
67552
3288
49643
14159
35053
74133
7014
82455
5223
82584
22269
36586
74056
78263
54705
41029
36919
30808
34578
59198
98954
82150
32877
93769
19308
38129
11024
19841
32106
95203
38757
81446
4945
93483
80066
74764
67050
65582
96268
71862
24587
28590
63985
48825
13563
26523
32925
79467
73715
83911
49340
62936
78660
30613
25601
71286
38666
44914
306
30042
34113
31054
91987
81987
26364
65934
58673
21397
60986
87071
43948
64839
66805
88339
49077
2119
66801
42858
32959
26498
7457
55398
92903
20839
33536
9147
50632
63953
93733
51170
97640
10934
57095
2103
19528
86523
91696
54953
72631
76309
55312
7641
46149
28231
14703
1965
79147
53663
66775
94916
15662
34284
41439
74340
26994
52394
13152
32775
94979
71272
67223
34772
24799
36573
17508
99092
30070
3600
20389
52848
5672
95188
16295
14573
28269
49319
71953
84753
25721
45068
41389
67778
28777
7133
8281
75832
40535
73585
54337
7960
87684
50993
50261
22874
8639
6738
81174
94025
21534
29237
88507
9228
26371
13809
69773
33544
93902
19512
4815
66510
25134
30604
82038
95074
23366
50032
68944
96241
82044
69778
89495
20864
55499
87024
79623
40693
83063
88489
38834
15926
57076
28847
79287
24842
74898
30043
72789
29672
95173
54700
59336
29282
21653
46580
42287
33797
72686
44142
34725
930
27990
34503
36293
45288
38863
77190
26345
879
91066
87504
84148
41080
22780
46982
12043
14723
59517
55944
86960
88944
83748
31175
65391
23565
52936
62921
58098
44892
79273
45341
86869
40595
23135
28297
26136
78967
71885
40050
96072
98276
74737
10367
87613
52662
84379
15058
57541
84817
89487
455
89659
20553
94216
9240
40725
44239
60474
38896
69950
37907
20595
76956
57728
24933
56690
53098
11453
14305
77865
91105
78404
24232
31081
81038
64633
36741
72581
3968
38832
72382
90202
87278
83326
76769
444
23194
89536
36371
83114
32123
5432
87851
33532
2957
99272
18380
59018
94798
76609
63363
56405
57435
47596
40505
57950
8820
33831
39525
2762
88388
8132
74519
49671
22377
2777
46326
77162
41188
8330
57793
66263
85712
90745
50203
3134
67542
20875
83740
58608
20506
54472
65221
99318
47850
76177
82657
33801
98295
18351
61530
85593
76042
97808
75397
7876
6153
22087
51550
31619
56272
49671
4457
83047
27386
35615
53408
71612
83795
50250
40456
27511
84595
8911
87484
18281
39728
93006
97485
89400
95407
49111
30506
92187
72560
19643
32874
52872
11505
59523
68571
48847
37918
56816
6869
16648
32397
92792
29633
52815
11089
53435
53804
99437
93196
24034
63266
91845
16290
42013
21193
96865
1998
53054
37218
26755
54765
53261
97893
32903
73850
9974
58495
21465
28446
59144
66908
37299
33198
32992
46645
18098
73313
9276
9944
26519
26690
60
77811
22333
61230
26420
35046
81344
11749
34485
2329
20785
31007
17311
12433
61075
45285
63326
32263
10184
52133
36612
35475
29173
73404
32786
67374
24737
74030
40810
25522
76813
50159
68439
97025
91164
68654
29074
48793
87750
18818
32433
61996
40414
41603
49346
84783
35050
97460
65649
81551
37903
87148
16370
83234
48556
47936
78277
44378
26854
35877
6471
42677
13964
32907
43877
20139
58276
33860
71703
17822
69479
74827
33267
25658
48120
44936
26984
41373
63132
42735
96714
74074
30922
72236
73444
54652
39510
79236
95925
43041
89123
19081
10961
56244
20342
98520
58837
28090
67241
36272
96321
50866
21864
15080
78429
6226
38062
61918
30071
24770
45687
91057
8219
57263
10213
53226
26652
82123
54409
2685
11749
2131
13531
24939
27962
41338
5391
85751
83036
39281
97638
19636
3145
75476
47044
82403
67293
51887
56871
7280
73258
46714
32298
50801
52219
57750
12091
5318
16024
17149
54679
86900
62361
16949
97195
32026
61513
53709
90867
97957
24210
46954
52316
44766
92390
75044
48675
58014
69269
58358
39753
52728
60646
62517
50483
31159
131
21761
54599
56960
90377
53909
90433
72093
5847
58641
20118
51298
94738
16078
56424
8104
89063
12640
14271
28686
21832
2061
19708
99739
55187
40193
40531
62062
7794
78161
41018
47104
55355
35040
66383
13286
3144
4597
71281
85154
77542
67455
39836
76483
72913
84937
80874
62422
63314
71794
50241
96204
23322
27447
58478
55489
34934
77998
59180
81948
4810
57686
71456
58731
20414
31566
41414
56910
95524
54577
53731
78181
12843
4100
53021
64997
89272
2773
4839
5350
73164
15451
84563
39655
95911
74727
59007
1971
60721
14436
27928
96507
37565
43529
26328
88955
36525
80687
17363
42623
3543
14836
40814
28314
53754
55688
86117
61160
99954
96692
5222
99585
96319
83039
65
44010
94758
66313
54036
10138
95982
71558
35876
45928
777
37804
66375
11537
13654
55803
15854
67115
24955
25664
65328
83439
66623
59066
53087
15716
28358
91528
75723
21984
52239
92871
60278
90334
23320
17246
18253
36292
95042
4404
37370
52912
60225
28831
11253
63384
64678
69969
45260
76664
89063
18552
17008
7522
72852
10135
75655
33044
32046
606
64060
92748
97265
21145
8936
68998
393
16414
4611
71358
12389
74172
39339
20925
84225
7085
88618
39339
26267
32078
97968
11064
5363
761
69200
27967
51000
60421
83255
53505
97792
98935
84303
20744
32530
10793
5667
79953
78367
31811
5590
27185
7890
74008
1124
64840
90056
22372
94339
12707
44152
2079
51951
45958
40942
208
98651
86456
45806
85979
20665
52554
5933
78802
9530
94370
21291
74844
96594
89992
72021
13811
24967
87167
40663
44488
21286
96390
63218
43766
46250
48118
27323
88683
42416
42329
60370
39750
14722
7851
18925
1579
58394
56050
63142
79679
34895
87596
5734
69032
29683
5580
16271
5748
21518
1988
88348
19999
46369
71572
66402
15614
17123
37015
14057
98128
38218
57871
28783
7403
78301
24274
59177
62357
77174
63889
22693
32129
17224
84808
43761
5184
99568
101
88398
19978
63302
23111
53474
82991
59372
74830
9848
96423
12771
50133
38977
17451
39383
76652
65070
40650
39135
55778
997
34443
64252
93418
36264
53853
9724
18514
98722
34190
81723
32170
56723
33735
45153
86455
33660
51388
52930
82722
3953
79597
12040
97272
46622
46315
95877
16458
82739
24578
76806
32247
82413
84611
1374
80297
77401
21580
87066
84967
17751
48271
15065
30485
24469
70974
9780
33261
19317
71163
58855
98708
36322
20960
89872
80240
83728
52745
19968
18016
61618
98124
60223
92519
83991
38629
66919
28891
3331
51909
23581
10764
62123
69675
12707
2606
95054
81724
26479
87210
6837
46743
85259
98344
87401
38593
46243
88757
10454
97524
39355
69662
45474
55966
38042
78098
14938
74871
59465
28887
34456
32813
93505
36755
1817
76973
68036
39252
64450
5780
60129
98633
82613
476
9293
53985
18542
8772
50842
90459
60639
54932
916
35846
64104
76764
53905
74421
49740
77352
59255
60318
15391
51784
61906
14004
97484
76876
4694
29160
90691
16835
69886
10991
40686
77254
50387
62396
38954
43321
31475
86969
51907
27226
86489
96621
389
86604
36422
7270
77710
55942
57783
80815
38001
33968
3487
11134
89691
97694
98452
82325
50375
25567
45040
41221
66029
24028
76526
1646
38903
7191
31455
29875
4847
87681
69720
61447
8548
72346
87321
74586
64400
46873
56210
38304
65544
74759
92082
52640
4333
60209
40297
60135
70292
2824
92686
77220
68380
14446
81095
82830
78663
68944
4345
69011
4728
36194
50006
61544
3654
82480
46757
62594
47169
58217
11084
5998
77265
28039
9348
7846
61095
50661
34171
93488
85701
36241
33902
7584
9956
48011
28693
90202
13489
36946
4173
45988
510
15701
10130
47575
60957
78883
20292
87309
75693
82438
81864
96304
63791
25749
26671
45550
15816
95855
93729
13565
52858
6441
49090
19770
53169
8676
52780
11219
86910
96746
27548
81467
68119
82858
62198
75599
21392
48998
71293
94956
40795
20925
49498
94158
96443
58877
50630
83769
42317
49508
71839
52286
24777
76931
37910
28112
92927
17145
34383
69645
63013
96191
55204
3232
80637
873
55177
88773
24586
85
67637
3037
1801
93331
47842
85051
48806
19544
36553
91338
58007
14393
1803
53613
81813
28666
90444
75522
1041
93851
90958
59754
86100
54623
73743
39476
16113
9290
49683
91384
87294
38444
20886
78603
13108
16145
67489
15829
34303
39530
20892
24513
29037
31483
34076
10028
30878
2297
6603
13009
93736
95899
78557
73466
23539
67479
25890
70829
63036
64049
29696
41808
62156
14877
18581
45799
56134
77467
27317
15183
53426
34250
21387
31862
38407
82146
57647
8922
41001
61972
10539
58287
40004
34813
47626
84710
30839
28074
75627
37561
42791
63252
5414
84953
6649
36621
63223
19312
96444
69445
73584
15308
28093
82710
47113
81650
74646
73759
40573
81115
64570
24235
47277
65967
59978
58558
98489
51844
45946
9417
65925
13257
93232
31314
7527
62714
36737
78307
820
75231
42059
16174
60186
23856
54338
8836
25311
84061
85209
11240
42410
20186
43275
55086
10944
12123
93415
91754
74300
40229
12244
80543
79585
38489
98706
9882
91243
86310
61892
32508
17277
11965
9042
69727
84184
22401
42941
79722
28742
91232
5539
23686
14505
1688
2515
38752
89241
60068
71552
98529
63225
2027
98302
68202
82714
77107
2129
20073
38117
25738
48613
73244
47082
91175
58364
90047
66131
33840
92182
76662
21908
46156
18881
98012
61222
3787
63830
87914
66731
24419
52262
17614
36051
7298
4026
41637
39811
17515
25912
96785
4876
96042
97747
13713
62928
8554
57840
92968
18704
28148
10539
31169
10651
17244
71435
98004
74810
31028
51477
86133
70057
35490
53731
25460
6620
3214
34011
63396
72821
46141
23121
40869
1063
50929
43288
2101
13724
71542
4336
88306
75664
85900
12523
26160
64128
87671
54554
99030
60394
37500
79986
28211
31316
8035
96883
17523
23693
22708
32609
51612
6310
32460
82834
93891
65705
40728
89243
91642
36362
5387
49857
20234
42807
48193
2968
83194
38822
19947
89448
88493
14350
32531
23706
63199
82942
5140
22649
3973
21239
46595
4805
87827
56466
83549
27344
75389
56696
98839
72664
93464
5210
32158
20618
8335
90899
62154
66364
92043
40569
14678
73446
56708
19843
30659
235
91531
48554
31753
37287
70834
51140
62590
50126
75557
91850
13479
97784
63171
83305
42890
63849
79855
77621
95006
71179
53536
16423
81805
44775
98336
93543
9942
78380
83813
56523
50240
94088
90607
35830
81404
76517
23226
60000
1423
28796
88500
76202
45551
57170
69679
5977
52404
60861
18757
40265
74807
87177
68669
85217
48677
66391
38468
87567
38114
76980
90029
13112
78000
4307
37092
61600
76129
60332
18250
49973
39581
50142
95993
39699
9586
99692
2791
59900
14824
4579
29248
76270
16
51369
54372
28236
96302
93926
47282
64377
69406
1981
50115
30180
82674
45476
57672
96213
56763
54316
97797
58090
45944
50044
32291
8074
4712
4581
69662
6864
36127
74804
9340
41044
57880
32831
43624
1620
6726
53640
59562
21472
64530
38788
93405
95605
627
96596
88093
86523
64499
69294
79667
30276
93663
64970
79422
70826
3477
28428
51892
27500
88292
58516
36981
52131
12378
23288
25566
47798
5446
14900
37923
88431
48093
44556
15291
92436
26010
28731
40981
33782
7799
26329
2259
48347
19697
53497
5762
41176
72648
52293
17679
96544
8833
18879
13648
35411
36702
76535
6351
73841
96079
38921
20482
72746
79688
76909
61429
47339
31811
50144
51902
96301
86708
4540
51747
12541
76465
77156
3344
81634
58612
47224
17823
71858
42330
25447
70234
8233
28636
45673
87105
97521
15684
70107
76092
77903
58202
88257
91172
59696
86721
23133
12358
28044
8239
27789
35878
77844
32961
91282
78317
19207
48184
98689
9092
65335
28505
87506
88217
8025
44867
56558
96454
89458
67850
20918
9265
38349
76755
95170
16497
70264
42595
43728
92302
91635
21288
84361
92967
20395
34903
58300
60458
88264
21290
25835
45614
92341
37528
81934
23318
10244
75054
33819
76412
46309
83051
13741
5348
5885
69790
32810
80146
76303
88137
55920
13746
12598
24740
40596
13598
13327
29019
11914
91957
51753
29227
10450
26456
63767
94613
86894
47987
74672
23744
30122
52212
54324
17155
26711
5882
99743
75729
60205
32996
87532
4584
1718
13492
92542
56812
26883
91687
74041
9458
44126
73664
58511
27414
11784
28235
61690
28887
55109
45008
74848
75087
27962
87286
94030
51902
36063
81156
73912
68123
67277
49977
54547
18695
39488
78174
28540
73224
96449
94890
36413
6160
14483
15461
15859
19892
89812
16157
56733
80730
6590
42593
8227
83936
83646
97869
49472
84465
93130
58086
17822
62792
10746
36633
90626
42252
51017
49201
76185
84662
62067
69391
61083
88815
563
52760
14854
16205
23094
22822
40132
22226
3178
49295
5844
67469
58617
41129
84849
27983
28484
6437
24727
58150
13017
69663
92757
97988
88571
44123
33891
82751
41430
90835
13472
30264
6245
80618
84445
66369
98129
89031
47766
94159
18626
70322
69436
60134
10791
11116
70632
97325
22579
12239
31757
55672
74075
29219
33581
80636
94517
72933
71718
87940
47873
70743
41918
70288
55473
69832
62359
66634
83688
91335
53851
87978
78865
1417
99116
99726
36370
70176
10951
50021
12317
37345
64148
49923
28228
76304
86255
53038
72078
16427
28115
96522
5650
82211
57165
30757
33483
11547
64749
79080
23249
39307
23862
7377
30099
89065
18242
62763
57191
19913
73201
69185
70191
35312
84417
96318
94146
12151
45582
24451
76322
84947
59671
26122
92390
65547
61018
74289
40189
30120
65626
58439
98276
96784
25691
70603
7140
68803
54234
86453
86973
47461
96187
51237
76325
94550
92888
55690
63505
18226
90192
81978
20212
20675
41732
564
22114
31704
64937
76578
43392
50156
79184
33685
92105
16416
1436
10042
74745
42887
63815
94432
83911
71798
47320
34986
60778
24605
71769
32895
97023
39216
86759
43404
19344
39514
32186
27041
34857
52025
30105
72543
37647
18017
2078
75964
7173
51489
10302
68533
83493
42702
40933
20404
93905
87620
84878
46109
80909
67503
57475
4699
92975
97586
20134
19281
71683
33720
36642
15814
99693
78306
29287
59610
8336
35622
41259
42622
5705
13810
40009
49785
71198
4955
28612
11053
25963
17087
30285
81674
84787
52220
5213
5170
83185
58238
29044
29999
84539
83375
66377
94371
98335
56048
53856
86682
13302
94714
91288
45924
3060
14756
26590
39672
93510
41679
47613
6973
11125
83950
1633
85780
35968
471
90242
49352
64435
71101
20834
35480
12366
88841
95463
541
43119
83190
64863
12373
55928
14312
62947
49376
94087
6407
83325
87214
9406
42069
68172
2722
19494
85614
2700
92035
39231
15213
89371
64401
34712
23124
49630
45316
29859
48638
13216
23464
92270
78119
29998
54123
9305
71746
73778
68692
71298
7460
23938
38924
29175
81417
35886
17565
95021
68557
13174
80639
35410
24637
91916
81714
28633
19091
98399
43579
19893
61078
1696
33660
59737
49928
96250
11018
11873
75700
35109
10076
34073
49091
4381
19854
19032
51796
5462
5463
41897
38419
43044
70870
39569
14361
56681
93739
90829
72869
91581
2071
69134
16704
80245
84218
53856
58414
65396
20682
49203
25065
75914
44555
70533
11119
32851
90527
36432
65306
14865
38372
75416
77663
47427
88301
94364
97283
38958
91160
85098
44706
96537
49251
58894
78803
23954
19771
79522
88740
52580
14110
49260
77684
1875
35361
50135
9957
50253
43518
25880
50994
65542
48065
49248
91996
14356
33237
97444
84488
42664
43173
52250
40050
52226
32746
62118
22800
37641
57382
13837
2158
93522
55282
70868
29918
45499
18246
30680
87112
3224
53287
20598
59881
56550
59418
93943
76926
98768
30587
30839
61974
13097
62518
38713
62137
64960
97155
94131
97996
91714
64054
15657
26426
76078
74612
64219
21873
93730
46209
15982
11380
5735
57804
51609
9041
16465
95175
98148
1352
97034
45568
54401
56151
82640
40549
37785
25772
23329
76979
74123
95129
17023
33609
12400
56970
98916
86016
55083
12351
27787
47983
98070
64363
80413
56958
73263
22688
24866
15857
56288
4941
17353
998
77136
50216
50789
96803
49032
59735
29662
14915
52226
8092
48429
74143
24246
64428
49050
23375
33047
27618
56779
10141
66191
86255
43319
88407
47674
52655
88352
2853
21173
68314
16511
39913
91533
36373
32669
76651
11653
8440
78161
7673
29428
33220
96574
64628
28863
39977
39251
49101
84514
28768
38135
27120
19325
79502
67792
70119
29298
65192
52044
29565
58279
35466
6599
93178
15167
99727
61556
16717
27565
21196
36953
41928
99484
37754
8117
31884
85610
19859
40231
24232
74997
56052
40943
22002
56143
59537
43513
85909
32776
31320
22834
4206
34732
37546
35585
66910
19423
91738
28750
19684
96705
39852
73432
6898
30061
5636
26955
63117
90418
7705
42108
6563
71718
2458
20096
33609
45776
1157
73040
75946
34648
64775
13675
11007
55541
20350
97898
80808
30261
6046
50578
10280
33366
74101
51852
80121
46567
59036
48240
38020
23482
53777
71630
59834
77984
7732
58276
60870
20904
94274
75753
22182
80537
29322
49694
43652
74475
94364
93802
72505
11898
71145
27502
6465
71233
54456
15345
63401
89835
79224
57338
50054
28705
58209
98265
95631
98414
22528
12970
51082
81550
99443
88387
74834
284
61625
98819
48234
74522
26781
22582
78655
34511
79301
61656
54819
97860
74688
32364
71862
32347
38578
44526
35465
30226
33182
12456
57010
37889
78293
3493
86732
45005
64346
68882
85604
75362
17506
71113
71693
43846
32769
99434
93748
65667
51790
64547
68663
29845
13572
3967
86780
80778
64844
9919
34110
45222
85322
32651
63944
57999
54555
325
81544
55549
57647
86735
70871
72218
75386
39172
74222
28008
69433
40189
37479
45647
27204
36439
96313
74718
56131
3647
2271
31153
97355
32411
95194
36725
10767
9779
33420
21306
60556
74057
77488
48757
19995
24758
13082
46004
85984
70606
95067
60408
41007
8189
71545
7577
98310
46270
17552
30530
57205
65790
50246
50945
52498
88812
2707
59905
7580
21337
77644
926
37125
37438
96548
84219
2255
47843
42702
58772
53783
76422
82761
72263
88019
60964
4218
62609
43852
97302
73862
17785
11409
50692
58224
36132
61124
79829
13873
12837
74348
17480
74180
77436
16417
98343
49395
52314
22442
37941
13866
83874
11354
38273
22916
35963
38381
32095
89904
62081
25974
80756
62736
14505
60421
27125
26358
95018
93818
7557
86522
89474
28068
43419
70008
44355
75337
1651
24816
81582
18346
33010
94844
37074
32422
14728
78927
59365
76758
78237
1542
4925
11042
72984
27821
34206
32351
21468
2660
92459
61288
97725
22217
65938
29016
83955
81071
99010
17812
42144
31832
68322
23131
38955
46824
77129
75061
31685
12847
18634
88853
41380
13240
65654
8921
40243
23868
74834
74380
89803
52171
59939
98205
87584
26310
55
22030
19212
38558
52479
55833
36896
143
85113
22204
21561
39124
7058
19425
77001
46426
75610
30528
91618
54257
4575
85813
88317
68813
76438
6442
75471
84278
46796
92179
42497
24362
25091
97268
34135
10004
20180
323
96557
92137
57166
73284
58813
71834
91063
99877
68118
38089
6423
57377
45439
47650
90642
76173
62169
22333
25201
15807
96191
30434
90112
94261
326
53325
74057
58324
1900
70593
40163
30428
71429
57846
33612
34365
48772
97254
99964
49503
82096
53685
57536
72086
31923
61991
35591
65880
48097
75238
21480
39658
4915
71559
88962
19197
8361
1903
17404
55856
36308
16372
32445
44002
16282
17628
95512
21762
30698
44249
84420
8809
38016
89664
86743
64438
69535
11243
35863
82373
51989
33079
53526
71507
87293
91406
81132
31687
98739
72508
35786
23177
16854
96314
67831
82307
37106
48601
12779
68067
89337
19817
3163
29877
26962
51122
66442
17711
56142
12666
11416
82946
90605
40465
70645
18861
89978
61540
81652
57373
28445
84834
8226
72845
85276
30733
42995
60510
91820
93078
4824
29392
20067
99109
50870
70152
69377
80630
85379
35424
50438
40569
57627
16986
74827
91615
27488
56697
32363
33935
12305
40140
36249
6363
21777
45000
53564
99512
20777
34714
80981
68217
38537
1234
84404
91841
31380
6296
49701
17723
71297
98565
47084
30802
57865
67172
60313
52548
69472
29155
19852
54424
80173
5047
58710
57686
9991
20097
73601
43471
76200
6355
15390
23776
72286
19648
10737
96827
14295
28149
33792
6607
68094
33063
1052
3951
49567
33817
71522
19389
96905
87151
4829
51757
11650
79385
69284
92157
23860
46833
33671
8948
78329
13130
54347
95940
8641
49787
29719
90435
56300
95974
46725
37647
77871
40280
81507
42898
78558
80877
12842
31539
24923
72329
69338
63600
67800
31562
43009
31032
5535
30761
52062
87459
15983
75387
40861
37009
80644
20764
66566
16261
24978
53044
22658
27749
26170
83033
86006
13864
51518
10756
55960
52181
12288
8723
58595
10868
80881
28268
41409
21475
92276
84806
52153
93180
69749
96980
49581
90269
31086
22134
23905
98281
37125
85356
31959
10340
27737
71528
99131
26930
41648
84200
81265
97802
11499
66065
33741
63622
61677
33599
75803
83688
46144
2868
90967
73771
17330
26933
15662
2545
11476
70771
57261
61734
42362
88236
38035
48769
73807
9228
41070
92159
8904
94752
51887
17243
70207
65004
37600
18422
35651
32408
80973
99805
22958
54003
75855
74520
6623
39167
33057
62163
66575
10253
37840
48230
78668
19438
51227
35951
85925
77924
49961
86170
57879
12630
26207
85511
67027
2082
10011
65953
28386
18560
43247
4457
10207
37053
78430
45155
47623
77456
11797
15679
29447
10766
93433
79674
85752
94274
57761
67422
40525
30486
73426
95911
99568
50105
70613
76090
87688
77459
81036
48720
24059
65464
63648
23967
53358
25764
48726
87629
40521
14532
61186
10318
34537
56752
39003
48625
24345
97933
39941
85098
43945
61275
4251
44482
32355
29320
47020
71196
92744
6465
40528
44290
56987
84173
31063
20761
12281
4326
58385
23685
43684
89704
61310
74749
5899
13041
76701
566
37260
33195
82441
4519
15830
72911
47460
26369
32063
1535
54798
58330
53807
72453
36294
896
77611
51408
97855
31647
91679
92374
9095
77573
44965
81781
29242
12322
38882
55480
37562
7503
71742
8889
24384
24240
39167
94283
3300
64543
15583
96405
22750
62750
85681
26755
58148
99073
87728
94206
46950
49343
21976
19602
63600
28344
73858
92896
15463
82452
10830
57772
33229
77139
60948
45976
61797
35603
4506
52952
80533
96091
77166
20109
72893
18773
17568
53907
30029
7084
77624
88382
34080
63687
37203
81651
51836
73739
49020
17569
33840
46684
27240
10537
21090
98073
8724
42969
4181
2855
32084
36546
6398
59304
4246
95572
1392
68752
48883
84062
7693
39220
69979
18822
4248
3148
87343
27433
31303
28687
76088
43442
20724
28999
13175
48999
60908
85012
35545
32476
62961
47424
81418
44601
2455
35107
58011
62030
4322
28019
81928
23736
17848
14979
44899
48674
716
48282
86718
70587
43564
87247
25182
28670
9820
90115
65276
99565
75188
74836
75831
29006
18132
34109
53263
2669
62200
593
56883
37345
5936
47344
20220
40064
49200
28851
37464
2544
66991
24876
56055
55590
54218
70726
77638
1020
61056
9968
90661
13787
37583
49900
41503
55022
32072
8928
27291
28555
92757
54666
99667
9680
15776
71313
44373
4319
28531
68471
4292
65909
4076
22412
74606
97971
51374
58057
91229
52276
95602
81637
65085
42616
57326
5902
54737
78223
769
37632
22936
32413
60532
42782
54317
70787
18023
14849
81471
80061
83375
13025
71943
60853
6172
74889
4450
14921
65286
41431
43247
28823
98942
54310
66818
94905
89780
79319
65721
62858
89094
68817
13949
74749
31922
22838
89379
26589
59381
80577
14695
80749
15386
69963
44020
65055
87713
85992
16885
92132
13884
34657
38979
20830
95511
92622
27819
77722
64759
46629
62310
77361
27987
78665
71695
48338
84482
27363
62022
52329
78394
76457
74193
94458
85156
20132
10093
66045
58392
42520
55392
57598
85317
53905
12258
62928
6083
50003
4099
67915
16227
45788
18523
88896
80989
52153
22224
32546
95946
72179
90763
34527
35740
24316
23818
43259
14861
52503
74616
31363
46519
23540
89601
89099
47113
92562
368
41191
65087
83708
34499
37352
88486
53526
24318
68324
32522
82512
19578
89242
33170
95884
87398
62376
26975
98139
3557
86139
21658
20346
47858
35916
53554
61485
81311
77170
48152
96146
67454
29424
32321
18370
59235
80280
90923
7216
12167
32655
94701
14021
52021
33572
90088
37653
78919
85345
47237
98593
72068
2847
20100
95911
45947
99102
44693
28761
43811
92638
44336
41653
18323
34379
61409
1227
48402
42705
85603
71036
36361
71962
23616
40289
7805
92616
73443
20440
92599
21902
52418
18231
67980
1268
64133
56670
63130
66276
48164
94279
2670
74511
32837
93849
83823
85444
81097
95484
6759
17525
20768
13642
67876
77526
65019
54463
49405
20714
28162
26337
38243
96265
85654
19955
36536
25071
14281
60272
80953
1372
42326
26090
45782
90980
67777
2832
3263
59281
54150
76516
60307
88617
195
94457
40033
31216
42330
22867
75767
86798
14816
92800
92434
10017
16212
54621
52357
54460
62908
3014
13085
46503
58372
64450
5385
33267
42138
84911
16762
36956
99665
50721
21038
21806
9748
39707
4615
36410
85879
13160
86512
84510
57970
86017
17654
27466
14985
74802
51355
75214
13018
93583
97213
81951
91748
69969
73930
1901
84479
29427
72800
81308
75576
40793
7623
34810
46357
83916
58327
25978
50825
93162
23342
28153
6061
79010
51958
59576
93818
69689
92991
93332
36429
56083
88129
31013
96983
67312
31935
72179
27280
70173
12027
41125
78651
61385
11355
78906
54504
8801
32579
34250
55603
10196
8088
5523
66030
48434
88289
40421
25803
27136
9178
63285
70411
9635
787
17272
96970
78789
93272
99994
47594
96
76384
76103
64970
4197
74525
61872
99634
32212
22307
3854
64827
93668
77533
3528
76465
91792
67275
97511
39145
62333
64474
48589
73057
43361
42588
10029
35551
14083
39140
41003
75834
1401
94244
56453
52981
86170
35169
22862
57939
71600
70613
31086
18514
19156
93529
50917
17045
26337
16087
26350
23658
82460
94298
39543
97334
89184
77518
22686
90015
34640
42180
74917
4787
82054
35378
98339
40975
84197
7383
72185
57808
49912
65000
31581
70413
62545
2719
2816
85936
73292
7729
80988
64063
88201
82757
63289
41294
70333
88536
33245
99929
70198
73837
85516
33925
19273
45853
49740
92510
64233
6142
2370
11169
37728
71700
45086
76082
72341
25125
5513
15492
77568
96827
74925
71161
86286
19041
74301
46987
38043
87824
64856
19534
70471
10521
27366
80083
74874
44378
73891
37710
80308
52000
81913
62308
93270
89731
2828
99278
93832
93683
42594
59889
88133
1548
9146
6575
7076
2633
17141
29666
5594
38546
3454
23024
15343
89379
87838
89767
35147
83787
58155
42438
42173
13424
883
44674
73227
11493
2142
17705
89740
83244
39700
96190
80324
93144
77619
13869
73547
55533
43500
97438
13949
44525
5451
60318
24657
93317
80905
77731
85366
98563
50026
52969
91918
52329
79116
3980
88748
78141
35325
2640
57469
93461
34541
58970
98073
99947
43752
66230
56222
98807
1220
92325
79277
36439
83736
6302
53152
62161
39955
75469
82607
59858
76234
70168
3439
28198
38014
87854
69250
83879
2730
19761
89370
25116
97297
92776
1780
86065
30983
69531
13882
82738
52598
34841
84154
68179
73221
43354
18010
69637
96143
34264
62474
16644
18577
82604
27588
53709
37940
38516
62119
61409
89936
95294
10134
38242
78185
19748
25317
6105
95420
38078
79867
34548
85243
25826
71118
9210
14152
94896
2574
43595
57026
71175
61284
6932
80592
72197
80595
95160
19038
46452
69535
7249
15770
39079
80182
87247
61027
29114
50472
96325
79586
80340
58109
33153
75077
90876
93904
31672
71603
84048
60943
66779
64577
30171
63495
15008
81371
74981
84230
59445
64749
17012
16529
60269
26499
32109
51864
61862
74248
8175
97773
32864
79152
18109
3524
39646
77935
12177
53021
21441
58268
72298
1381
38731
97002
6440
85955
3519
98798
70143
1147
21372
84658
60287
2444
21981
46385
65801
67916
53835
43534
16798
47290
81173
21811
75092
21763
77282
24052
51860
1748
92902
73537
53688
70312
21255
38306
37810
52696
75716
29010
23528
45304
24471
57720
46872
49601
97409
35853
21299
77709
83397
25599
51235
19076
52174
2485
69206
38160
76196
56555
73452
98568
93292
36913
18358
3132
796
25198
14619
44801
93680
13988
68007
20966
22810
23985
64636
23712
11552
93247
21345
97275
34524
68932
37461
53049
18912
51742
33942
88964
14507
30268
72035
8134
4850
15521
38762
63624
81787
86696
86312
16497
11448
9701
87315
59251
78281
40375
60998
80232
59422
29269
64028
54586
17573
99559
86064
76656
7763
30064
93170
23034
64769
44452
84081
89115
59857
68878
8349
47234
26431
31174
34990
39535
77999
74509
34002
55585
72429
75834
88452
6324
56270
90104
52982
29791
59908
95338
53868
89779
48395
74477
60127
28826
29840
2957
73184
6001
40086
15595
22859
67742
19608
95425
22633
2464
39851
22403
78177
66831
1739
24888
20121
37634
99790
79638
91813
29903
9685
53762
53940
43644
89732
28914
62382
18892
72455
83859
78187
20255
2515
99770
9483
20404
89843
10130
81838
75188
1346
16094
60828
19845
66048
9434
79333
64282
56458
26245
82110
78213
99669
35365
13670
43673
48057
27050
24259
83847
82904
36141
1571
56476
92808
23054
24951
98711
41863
71302
55538
73058
6980
22084
24956
60799
2625
52738
24048
32796
93975
2848
22404
41179
39751
37378
38915
64809
98538
93856
58672
81665
86801
15558
80939
13197
87775
63481
86408
93813
52779
94749
95999
94320
52899
14609
33237
37237
44746
59887
49959
68455
43456
43017
53427
65906
69199
79120
77306
99088
54033
73225
83008
25333
62377
11241
42028
80087
98993
15683
18102
30655
64697
93018
85274
22011
79643
79675
53115
49319
52826
72669
88682
25746
25819
3152
65371
17107
4439
21369
93463
25657
77050
99534
15702
45645
31091
16083
25652
67143
31600
82481
78326
84028
40720
77402
39709
22204
82779
83764
17447
59297
68005
46789
23176
91041
46356
72640
49487
61994
76202
29165
12190
17813
9418
72343
45080
65318
58415
64562
27581
34389
88840
5810
3407
86564
42407
53640
33508
66671
37666
7745
44865
95509
90817
99662
10155
97698
45314
85011
3246
8747
80154
58128
27862
47241
28705
73448
66871
95690
37018
80916
9929
4359
1945
64132
61724
10870
94114
29526
72157
88651
81641
25559
17906
55811
60931
81815
88633
66920
80591
79395
42787
84827
41773
28780
33751
10411
74274
34134
70220
71413
62232
63291
54412
57842
6019
77916
25829
34809
7133
33534
47114
16207
87688
44741
72760
81939
88508
35917
68473
11809
15478
47958
9254
26886
92097
68
47439
79852
86094
85584
41530
9441
20736
495
65786
75119
60684
23733
27018
93843
32001
3867
88863
88087
36984
42455
47456
54166
83171
26381
87693
93136
37985
18365
77083
29384
7063
44716
69372
96779
14730
86497
86781
61711
62626
61880
37788
18462
34759
85728
8040
44299
959
91069
86624
57713
98524
66226
64562
76684
78392
9833
17015
61260
11310
72459
52296
74118
23013
73490
54055
35627
23831
62584
42297
74018
64751
57347
1808
1020
32481
90974
54649
40140
25405
81344
65741
21656
96483
53721
16422
12618
32284
92330
56632
19936
83743
46161
50536
10996
43603
64995
9814
6950
13385
35046
90049
24115
53526
3957
18579
37681
2897
44451
25286
44745
7702
70929
24112
19263
23501
1782
72099
4570
94468
49097
64470
93363
40791
89049
75018
66408
7479
31066
13840
20589
3537
7435
35609
98991
27374
15990
69458
32687
73006
78773
55001
78521
49665
13388
68129
38268
65030
83556
21795
84659
8992
80160
57282
43524
54006
10104
69039
32147
4321
78452
73906
51070
99601
18842
53663
36062
24027
11141
95072
15861
78012
67476
16457
64897
63255
41022
25553
95046
51937
38060
24678
37845
72766
9766
8155
65216
93974
23669
74462
61673
58934
44396
28365
91051
34107
1363
40801
15849
43869
58041
13440
94548
42162
47120
13719
91797
90239
66428
23941
7131
93317
35306
4989
94148
35841
87673
76036
66097
27705
28208
85225
46529
33878
81641
9584
70782
7319
66307
16146
26526
62350
82061
2611
22210
25902
19953
62093
87957
32000
98584
70500
77993
54992
94592
12704
85352
17173
81374
63051
26964
19501
40826
45517
99466
49499
4368
87404
71892
57790
10083
4564
82558
29854
84816
25594
49201
11530
22926
43635
72425
6148
82314
44867
60157
99605
26291
89013
47219
28793
40780
83509
66011
84947
33607
43420
68397
25737
61318
53412
39223
86358
24823
71700
14532
2593
42549
13249
35679
77382
72901
68343
74690
8334
21735
67841
34740
94011
2046
38911
68204
22840
42783
29421
23018
70745
89629
20822
6710
82311
52540
90859
23651
81561
29762
32111
85940
26556
1830
71014
55537
83469
91378
56546
35042
18753
98925
32783
63333
25113
72620
1013
43721
60028
44971
27964
82361
2237
84586
52559
85997
98220
98643
49675
14681
12860
5594
66435
74741
7787
34006
43553
85015
74219
97908
72722
40827
62440
52494
72713
80976
79315
63190
28860
27248
29309
51140
53886
19903
84942
72657
94876
80115
81230
82090
22295
27883
67215
14123
59535
10299
37115
10087
73763
87157
74646
56168
61912
95126
12978
44935
60260
87156
91951
5151
38104
95293
19302
75743
89222
74636
86148
1887
1753
16085
56133
95241
7998
45390
82648
16001
14242
55706
56187
36348
35273
5557
70607
2158
20098
21138
71019
31728
47836
674
36525
41771
5283
93654
8279
51285
36723
39612
490
61865
46597
57940
51794
1707
73938
61829
37379
80773
40184
42254
96427
92007
44941
75873
68678
35439
48889
73636
85609
96719
63633
82796
74210
75464
38515
19455
68988
23117
2711
60317
79066
75044
90807
41472
67097
31755
24419
34520
91029
66542
83639
85539
89990
87295
40651
88396
46035
34392
53138
85240
37583
11616
30803
26448
55726
60747
61875
81290
83936
82856
20407
13316
30726
30168
5354
5927
82622
18498
16936
56573
63008
65171
35904
92949
66795
33702
28809
60840
58238
96594
25963
87580
76280
59239
70763
60832
98333
8460
49176
78297
53700
30867
18498
72725
20024
38442
53089
54417
55449
6339
27641
35214
19845
50677
71971
8931
96226
71672
39616
72480
34950
22369
98903
88026
80778
25196
61238
4511
26174
61609
27420
30133
97596
45165
33618
63598
31783
76556
34197
79932
67648
18199
12537
12443
21375
9484
33609
6602
93570
81355
64862
80487
56426
97583
11965
61159
84514
35005
92895
97734
54786
8051
93663
47183
20866
44971
95140
323
9547
94645
39349
54
83839
90722
37692
12866
26357
4554
10069
92432
87820
88639
70354
49031
47255
22233
16754
77392
81203
49626
56671
8291
73931
97456
11469
9737
34397
97115
30975
96900
22942
62027
63368
81681
16168
22132
468
71549
9304
1070
97458
24781
62690
2818
70604
83550
99370
80739
77378
20410
26923
60885
9689
24834
80320
37847
35358
51983
40701
59978
22727
97054
41107
10133
84739
93680
77077
40442
91802
79289
38034
39237
32307
92308
94827
14795
54202
95811
89317
57608
78161
80075
57390
71257
42526
20615
96269
56064
36002
90437
13563
23924
35831
42043
86586
65477
14607
69023
53781
91098
85444
4786
27067
52125
41869
20302
1794
51552
31634
45121
54273
53784
88192
24008
18836
39664
95331
84845
86516
52580
88174
6353
13968
96164
54245
35660
61148
88557
45726
34567
76929
11518
314
52639
13127
81654
17863
75254
7085
44050
34014
54675
19618
54960
36906
33273
11305
3076
99740
10807
78840
50936
26116
29462
42835
56324
23584
28203
26174
94446
84777
9282
25605
71963
20420
73053
12478
29545
17884
30460
2670
61364
92711
49564
80887
76141
93990
79288
39155
86951
50762
31188
40507
29004
90118
78841
21673
25624
49677
73396
40040
19658
54901
10297
50275
73450
72246
96771
9076
58366
50742
35871
49023
9773
65299
94027
12887
48531
79744
54174
12191
24312
40494
3602
54136
23411
80792
88236
32756
21823
54559
45021
11514
72386
58616
93729
29470
21845
36557
45248
36589
49840
2842
76268
5223
67880
52041
72469
34166
54100
93213
12883
97684
66203
22833
13759
48835
33195
61489
14663
77837
58748
28649
32962
60957
79227
45459
27270
9000
89633
6573
28189
21763
6345
45539
95200
99239
79857
85326
961
23398
78233
39907
56081
71376
24167
94181
26043
22529
11771
72780
42354
17203
6147
21787
16284
4465
12511
80053
54639
76198
402
57493
3852
35697
56388
19998
27142
64129
65753
93255
55442
97844
68900
93768
79282
67910
96183
7358
46471
8250
33931
91026
82866
71231
61028
77554
22565
20818
292
30211
1364
77305
97979
90423
97743
16164
93248
20054
46155
84196
56145
1656
39844
56190
23500
54827
80250
68509
70136
24629
68758
16116
80462
20597
61747
17028
65339
28772
29666
79965
28149
87175
61913
95509
18507
53381
75615
56036
97674
86041
8871
59910
60167
22025
71707
24305
61249
58072
23558
9221
95188
93170
9000
65026
99353
70034
36534
13222
99670
72999
43030
66581
63850
86261
23466
84670
78961
84950
49578
62546
43252
12357
62668
74334
45867
9160
28809
47141
29897
63458
53731
61735
36599
76565
93004
73644
27745
46803
20675
90889
48982
73682
40997
25034
52310
26198
64625
22302
53751
33218
86266
18443
5225
28712
84662
38440
51234
2233
24283
95646
4201
16361
18309
98160
13991
28495
72510
74604
43314
91207
93191
89877
73067
60450
89228
38447
52420
25095
23768
85795
71671
32521
70679
95480
79713
35440
40648
33458
20734
92430
77540
56321
40428
93127
87954
83550
83768
16354
94016
1614
59723
57421
42155
8810
40117
24720
12721
20492
21181
64422
82595
22978
53042
8426
51396
62285
22991
70955
7361
31220
77362
90312
10067
39856
44679
72493
55321
17468
4903
47502
55719
71472
97653
45568
14529
18192
44624
28023
29578
86678
9846
61442
51458
91684
49008
25669
56266
48982
60634
81673
65281
5984
87249
36622
64700
61345
26541
27277
45552
17565
93746
87420
27712
64951
34848
73712
93275
4242
68667
29337
84863
5477
11407
36110
7329
40722
43129
18180
5780
97096
14165
5681
69419
59723
8540
82880
35131
55172
6372
20267
9292
76017
14199
79113
4571
16465
52375
11760
85921
60514
34754
13121
14291
59393
2208
10578
22206
89670
70572
68694
57309
39161
82209
93280
48427
21898
43376
75894
54756
1942
46778
70589
57617
82688
69416
48390
34209
18990
19371
83028
69947
81031
30606
84240
31809
15518
9462
51735
99732
85412
30640
5340
28010
87468
75208
38369
51222
48409
64567
99389
43107
44730
76627
39823
51531
7556
40258
7606
11508
681
19219
31106
94293
35644
94013
69268
60077
64746
68480
426
18016
88310
39291
79676
60598
58755
14346
2297
4441
63533
49129
90226
72725
68323
62124
42993
60622
74870
59267
42890
54053
30385
16162
79633
63649
29482
12315
74837
36175
29977
36873
59534
16920
34482
73776
34752
95121
69967
24888
49577
78500
85789
48524
78311
25988
4129
53140
35718
32564
45956
20362
45610
36889
18000
67274
57914
37050
25135
641
85419
98161
91395
87196
381
73813
11972
45745
36540
93617
36147
39514
59501
6686
6794
92061
4431
41908
82206
86141
89060
87393
90427
71551
12494
92234
68327
70207
42513
25730
52546
9912
97829
44731
58246
30362
9515
7765
75275
62068
81513
54899
54156
82028
22518
25273
2596
73577
2239
97125
45815
89464
41313
64080
10805
8776
43482
29251
65216
17600
37368
63804
31794
18069
61816
18540
56415
83941
69717
48729
39042
92417
94994
34097
41555
86507
90766
99390
65797
72955
61052
43370
33074
7032
63078
44492
30261
72788
11571
69686
69291
32270
87665
94047
43593
16226
7515
8806
1284
5466
50205
66889
47079
5429
56312
88603
48326
81720
61455
14190
81359
90132
69069
64247
31867
95775
18569
41244
63494
16114
20273
75816
39469
10399
79105
56129
47030
47413
96270
52269
36318
28262
31585
64965
4519
19427
96276
15313
3582
828
85851
27500
38397
75483
1414
90036
39770
54318
12311
41218
98041
43970
99027
50545
21099
2550
96376
51101
97986
39905
5505
8964
45889
67492
32117
7415
31371
826
4296
86290
78564
54581
31874
8315
95094
67819
86188
88202
6258
69341
99476
80439
6320
55389
94653
68456
62575
66779
34916
7869
42568
78690
80725
14963
71559
72090
74401
87378
64755
82772
62355
4819
5531
20691
62573
80667
89328
81041
76424
43109
59648
46207
88962
22832
50084
22678
91067
51038
13910
72281
22446
42728
96302
6849
27855
17189
34379
22150
83167
98161
52976
79709
32782
91217
37533
14937
47716
99120
95683
61345
13481
92303
17410
88754
65057
29139
41751
7056
82419
67998
91821
18779
33523
85814
1487
36189
48411
26428
6193
80406
56652
76786
1931
20411
79479
12777
9293
32832
7422
30643
30130
70835
12162
62844
23084
92957
58092
60701
43933
65960
77213
38860
1925
98953
68888
25497
64561
59734
84801
33727
75479
87026
49387
90343
571
93225
11113
90622
6591
49189
32853
65521
78054
19222
10247
32939
2722
87228
17133
58245
2560
16402
48054
73457
63781
14935
27188
91492
9693
70553
88944
32510
19833
51677
85592
92689
30878
75308
31884
4966
1537
9269
